0 0.82890625 0.15859375 0.09296875 0.07109375
0 0.47109375 0.225 0.08828125 0.06875
0 0.82109375 0.05703125 0.09296875 0.07890625
0 0.9359375 0.1796875 0.09296875 0.06640625
0 0.59765625 0.625 0.09765625 0.07109375
0 0.57734375 0.365625 0.0953125 0.07109375
0 0.48125 0.3796875 0.090625 0.06875
0 0.1203125 0.85859375 0.08359375 0.0640625
0 0.95703125 0.3234375 0.0859375 0.0765625
0 0.49765625 0.5109375 0.0953125 0.07109375
0 0.87734375 0.51875 0.09765625 0.0765625
0 0.48203125 0.44140625 0.09765625 0.07109375
0 0.5265625 0.74609375 0.0546875 0.05
0 0.884375 0.6640625 0.1046875 0.07890625
0 0.84296875 0.29609375 0.0953125 0.08125
0 0.59375 0.56171875 0.09296875 0.06640625
0 0.4 0.72109375 0.0546875 0.05703125
0 0.1109375 0.740625 0.08125 0.07109375
0 0.4015625 0.9109375 0.0546875 0.05703125
0 0.40703125 0.81171875 0.06171875 0.05703125
0 0.1203125 0.8 0.08125 0.05703125
0 0.40703125 0.7640625 0.05703125 0.05
0 0.58359375 0.440625 0.09296875 0.07109375
0 0.97265625 0.64375 0.05234375 0.0765625
0 0.08671875 0.18671875 0.07890625 0.059375
0 0.534375 0.79609375 0.05703125 0.0546875
0 0.109375 0.6765625 0.07890625 0.0640625
0 0.08671875 0.2890625 0.08125 0.0640625
0 0.10625 0.48359375 0.07890625 0.0765625
0 0.54140625 0.8484375 0.06171875 0.0640625
0 0.953125 0.2796875 0.09375 0.06875
0 0.959375 0.44765625 0.08125 0.0640625
0 0.10390625 0.62265625 0.08828125 0.06171875
0 0.41171875 0.86171875 0.06171875 0.06171875
0 0.96875 0.590625 0.059375 0.06171875
0 0.0296875 0.63203125 0.059375 0.0546875
0 0.0296875 0.8109375 0.05703125 0.06875
0 0.96328125 0.49296875 0.0734375 0.05234375
0 0.9828125 0.84140625 0.034375 0.0734375
0 0.57265625 0.32109375 0.0953125 0.06171875
0 0.47734375 0.32734375 0.090625 0.0640625
0 0.96640625 0.5484375 0.06640625 0.059375
0 0.09296875 0.2359375 0.06640625 0.06171875
0 0.93359375 0.134375 0.09296875 0.05703125
0 0.94765625 0.2296875 0.09296875 0.05703125
0 0.5890625 0.50234375 0.090625 0.07109375
0 0.46640625 0.175 0.090625 0.06640625
0 0.0296875 0.684375 0.059375 0.07109375
0 0.0296875 0.5796875 0.059375 0.05703125
0 0.10703125 0.57890625 0.07890625 0.05703125
0 0.02890625 0.49609375 0.05703125 0.06640625
0 0.5296875 0.70703125 0.0546875 0.05