0 0.82890625 0.84140625 0.09296875 0.07109375
0 0.47109375 0.775 0.08828125 0.06875
0 0.82109375 0.94296875 0.09296875 0.07890625
0 0.9359375 0.8203125 0.09296875 0.06875
0 0.59765625 0.375 0.09765625 0.07109375
0 0.57734375 0.634375 0.0953125 0.07109375
0 0.48125 0.6203125 0.090625 0.06875
0 0.1203125 0.14140625 0.08359375 0.0640625
0 0.95703125 0.6765625 0.0859375 0.0765625
0 0.49765625 0.4890625 0.0953125 0.07109375
0 0.87734375 0.48125 0.09765625 0.0765625
0 0.48203125 0.55859375 0.09765625 0.07109375
0 0.5265625 0.25390625 0.0546875 0.05
0 0.884375 0.3359375 0.1046875 0.07890625
0 0.84296875 0.70390625 0.0953125 0.08125
0 0.59375 0.43828125 0.09296875 0.06640625
0 0.4 0.27890625 0.0546875 0.05703125
0 0.1109375 0.259375 0.08125 0.06875
0 0.4015625 0.0890625 0.0546875 0.05703125
0 0.40703125 0.18828125 0.06171875 0.05703125
0 0.1203125 0.2 0.08125 0.05703125
0 0.40703125 0.2359375 0.05703125 0.05
0 0.58359375 0.559375 0.09296875 0.07109375
0 0.97265625 0.35625 0.05234375 0.0765625
0 0.08671875 0.81328125 0.07890625 0.059375
0 0.534375 0.20390625 0.05703125 0.0546875
0 0.109375 0.3234375 0.07890625 0.0640625
0 0.08671875 0.7109375 0.08125 0.0640625
0 0.10625 0.51640625 0.07890625 0.0734375
0 0.54140625 0.1515625 0.06171875 0.0640625
0 0.953125 0.7203125 0.09375 0.06875
0 0.959375 0.55234375 0.08125 0.0640625
0 0.10390625 0.37734375 0.08828125 0.06171875
0 0.41171875 0.13828125 0.06171875 0.06171875
0 0.96875 0.409375 0.059375 0.06171875
0 0.0296875 0.36796875 0.059375 0.0546875
0 0.0296875 0.1890625 0.05703125 0.06875
0 0.96328125 0.50703125 0.0734375 0.05234375
0 0.9828125 0.15859375 0.034375 0.0734375
0 0.57265625 0.67890625 0.0953125 0.0640625
0 0.47734375 0.67265625 0.090625 0.0640625
0 0.96640625 0.4515625 0.06640625 0.059375
0 0.09296875 0.7640625 0.06640625 0.06171875
0 0.93359375 0.865625 0.09296875 0.05703125
0 0.94765625 0.7703125 0.09296875 0.05703125
0 0.5890625 0.49765625 0.090625 0.07109375
0 0.46640625 0.825 0.090625 0.06640625
0 0.0296875 0.315625 0.059375 0.07109375
0 0.0296875 0.4203125 0.059375 0.05703125
0 0.10703125 0.42109375 0.07890625 0.05703125
0 0.02890625 0.50390625 0.05703125 0.06640625
0 0.5296875 0.29296875 0.0546875 0.05