0 0.6796875 0.91328125 0.06640625 0.06171875
0 0.7734375 0.55234375 0.06875 0.0640625
0 0.565625 0.5765625 0.0640625 0.06171875
0 0.54609375 0.675 0.06875 0.0546875
0 0.49375 0.56171875 0.06875 0.05234375
0 0.7765625 0.8265625 0.06640625 0.05
0 0.45859375 0.7359375 0.06875 0.05703125
0 0.55234375 0.63359375 0.06875 0.0546875
0 0.28671875 0.2234375 0.059375 0.05703125
0 0.59765625 0.43203125 0.06640625 0.06171875
0 0.47734375 0.65234375 0.0640625 0.0546875
0 0.91171875 0.309375 0.0734375 0.06171875
0 0.27109375 0.27265625 0.05703125 0.05
0 0.51171875 0.509375 0.06875 0.0546875
0 0.765625 0.865625 0.06171875 0.04765625
0 0.8015625 0.434375 0.0734375 0.06875
0 0.85234375 0.534375 0.06875 0.05703125
0 0.69609375 0.83671875 0.06640625 0.06640625
0 0.57734375 0.5296875 0.0640625 0.06171875
0 0.725 0.71875 0.06875 0.059375
0 0.840625 0.575 0.0640625 0.05703125
0 0.96328125 0.10703125 0.0734375 0.07109375
0 0.290625 0.17890625 0.059375 0.05703125
0 0.48359375 0.6109375 0.059375 0.05234375
0 0.8046875 0.71796875 0.07109375 0.0546875
0 0.5890625 0.47890625 0.0640625 0.059375
0 0.4953125 0.21328125 0.0453125 0.05
0 0.48125 0.284375 0.040625 0.05234375
0 0.16328125 0.50703125 0.059375 0.0546875
0 0.13359375 0.70234375 0.05703125 0.04765625
0 0.79609375 0.78671875 0.07109375 0.0546875
0 0.1890625 0.71796875 0.05703125 0.0546875
0 0.215625 0.2046875 0.0640625 0.05703125
0 0.190625 0.384375 0.059375 0.0546875
0 0.93828125 0.21171875 0.0734375 0.06875
0 0.22734375 0.51875 0.05703125 0.05
0 0.2015625 0.30703125 0.06171875 0.059375
0 0.715625 0.76171875 0.0640625 0.05234375
0 0.85859375 0.50234375 0.059375 0.06171875
0 0.56796875 0.3140625 0.0453125 0.040625
0 0.56171875 0.3484375 0.04296875 0.03828125
0 0.2390625 0.47734375 0.05703125 0.05
0 0.47265625 0.31875 0.040625 0.05703125
0 0.58359375 0.240625 0.0453125 0.04765625
0 0.45 0.7796875 0.0640625 0.04765625
0 0.20234375 0.63671875 0.05703125 0.0546875
0 0.19765625 0.67734375 0.06171875 0.0453125
0 0.57734375 0.27890625 0.0453125 0.03828125
0 0.86796875 0.465625 0.06640625 0.06171875
0 0.1796875 0.45859375 0.059375 0.04765625
0 0.49140625 0.25 0.04296875 0.04765625
0 0.2640625 0.32109375 0.059375 0.0546875
0 0.13828125 0.6640625 0.0546875 0.05234375
0 0.19609375 0.35 0.06171875 0.05234375
0 0.82890625 0.61796875 0.06875 0.059375
0 0.9234375 0.26328125 0.06875 0.0734375
0 0.68359375 0.02734375 0.0765625 0.0546875
0 0.25703125 0.3640625 0.05703125 0.0453125
0 0.14375 0.6203125 0.05703125 0.05234375
0 0.25 0.4 0.059375 0.05