0 0.44765625 0.175 0.03359375 0.04296875
0 0.48203125 0.20625 0.03359375 0.0453125
0 0.50234375 0.16171875 0.03125 0.0453125
0 0.38125 0.31171875 0.03359375 0.040625
0 0.40625 0.25390625 0.03359375 0.04296875
0 0.415625 0.23671875 0.03125 0.0453125
0 0.4609375 0.25 0.03359375 0.040625
0 0.33828125 0.39375 0.03359375 0.04765625
0 0.3484375 0.375 0.03359375 0.0453125
0 0.35859375 0.35625 0.03359375 0.05
0 0.36796875 0.33203125 0.03125 0.0453125
0 0.4 0.36171875 0.03359375 0.04765625
0 0.37109375 0.4265625 0.0359375 0.0453125
0 0.29375 0.48203125 0.0359375 0.04765625
0 0.28125 0.5046875 0.03359375 0.05234375
0 0.26796875 0.52890625 0.0359375 0.05234375
0 0.2390625 0.58828125 0.0359375 0.05
0 0.2140625 0.63671875 0.0359375 0.0546875
0 0.2 0.6609375 0.03828125 0.0546875
0 0.4390625 0.19375 0.03359375 0.0453125
0 0.425 0.2140625 0.03359375 0.05
0 0.59375 0.31796875 0.02890625 0.040625
0 0.6046875 0.3 0.03359375 0.0453125
0 0.53828125 0.3390625 0.03359375 0.040625
0 0.52734375 0.36171875 0.03359375 0.0453125
0 0.57109375 0.36875 0.03359375 0.040625
0 0.56171875 0.3890625 0.03359375 0.0453125
0 0.5484375 0.4203125 0.03359375 0.0453125
0 0.53203125 0.4484375 0.0359375 0.04296875
0 0.5109375 0.39375 0.03359375 0.04296875
0 0.5 0.41875 0.03359375 0.0453125
0 0.48671875 0.44765625 0.0359375 0.04296875
0 0.475 0.475 0.0359375 0.04765625
0 0.48203125 0.53828125 0.0234375 0.02890625
0 0.4734375 0.5546875 0.02109375 0.02890625
0 0.465625 0.57265625 0.02109375 0.0265625
0 0.45625 0.5953125 0.02109375 0.0359375
0 0.525 0.57265625 0.0234375 0.03359375
0 0.5140625 0.59140625 0.02109375 0.0359375
0 0.50625 0.609375 0.0234375 0.0359375
0 0.49765625 0.63203125 0.02109375 0.03359375
0 0.60390625 0.7015625 0.03359375 0.04296875
0 0.61171875 0.675 0.03125 0.040625
0 0.64765625 0.70234375 0.03125 0.040625
0 0.62734375 0.64765625 0.03359375 0.03828125
0 0.6390625 0.61875 0.03125 0.03828125
0 0.64765625 0.5953125 0.03359375 0.03828125
0 0.65859375 0.5734375 0.03359375 0.0359375
0 0.68828125 0.59765625 0.03359375 0.040625
0 0.67890625 0.6203125 0.03125 0.040625
0 0.66796875 0.64296875 0.02890625 0.040625
0 0.73828125 0.390625 0.02890625 0.03359375
0 0.72734375 0.4140625 0.02890625 0.0359375
0 0.71875 0.43671875 0.03125 0.040625
0 0.76640625 0.41328125 0.02890625 0.0359375
0 0.75625 0.43671875 0.03125 0.03359375
0 0.7484375 0.46171875 0.03125 0.0359375
0 0.68671875 0.50390625 0.03125 0.03359375
0 0.72109375 0.52890625 0.03359375 0.0359375
0 0.7046875 0.55625 0.03359375 0.03828125
0 0.67734375 0.52734375 0.02890625 0.03828125
0 0.56875 0.89140625 0.0359375 0.04765625