0 0.4640625 0.71796875 0.01171875 0.03125
0 0.4765625 0.71171875 0.0140625 0.03359375
0 0.49609375 0.6953125 0.0140625 0.02890625
0 0.5203125 0.6796875 0.01171875 0.02890625
0 0.53125 0.67265625 0.0140625 0.03125
0 0.54140625 0.6640625 0.0140625 0.0359375
0 0.575 0.60859375 0.0140625 0.03125
0 0.6046875 0.58828125 0.0140625 0.03359375
0 0.58359375 0.63671875 0.0140625 0.03125
0 0.59140625 0.63125 0.0140625 0.03125
0 0.6 0.625 0.01171875 0.03125
0 0.6109375 0.61796875 0.01171875 0.03125
0 0.6203125 0.61171875 0.01640625 0.0359375
0 0.6515625 0.55703125 0.0140625 0.0359375
0 0.66171875 0.5515625 0.01640625 0.03828125
0 0.684375 0.53359375 0.01640625 0.03828125
0 0.70625 0.5203125 0.01640625 0.03828125
0 0.6484375 0.59140625 0.01640625 0.0359375
0 0.65703125 0.58828125 0.01171875 0.03359375
0 0.66796875 0.58125 0.0140625 0.03359375
0 0.67890625 0.57265625 0.0140625 0.03828125
0 0.68828125 0.565625 0.0140625 0.03828125
0 0.65625 0.4296875 0.0140625 0.0359375
0 0.665625 0.4203125 0.01640625 0.03828125
0 0.44609375 0.60234375 0.01640625 0.03828125
0 0.45703125 0.59609375 0.01640625 0.03828125
0 0.46875 0.58828125 0.01640625 0.040625
0 0.425 0.41640625 0.01875 0.0359375
0 0.50234375 0.39609375 0.0140625 0.0359375
0 0.51328125 0.39140625 0.0140625 0.0359375
0 0.50703125 0.35703125 0.01875 0.03359375
0 0.525 0.3796875 0.0140625 0.03828125
0 0.61875 0.45234375 0.01171875 0.0359375
0 0.63125 0.44375 0.0140625 0.0359375
0 0.57109375 0.52109375 0.0140625 0.03828125
0 0.584375 0.51328125 0.01171875 0.03828125
0 0.59765625 0.50390625 0.0140625 0.03828125
0 0.590625 0.4734375 0.0140625 0.0359375
0 0.6109375 0.49296875 0.0140625 0.040625
0 0.6046875 0.46171875 0.0140625 0.040625
0 0.6265625 0.48203125 0.0140625 0.040625
0 0.63671875 0.47890625 0.0140625 0.04296875
0 0.58203125 0.34375 0.01171875 0.0359375
0 0.59296875 0.3359375 0.01640625 0.0359375
0 0.575 0.31640625 0.0140625 0.03828125
0 0.58671875 0.30234375 0.01640625 0.0359375
0 0.62734375 0.30859375 0.01640625 0.0359375
0 0.63828125 0.30390625 0.0140625 0.03828125
0 0.65 0.29609375 0.01640625 0.0359375
0 0.6203125 0.2796875 0.01640625 0.03828125
0 0.63359375 0.2765625 0.01171875 0.03828125
0 0.6453125 0.26640625 0.0140625 0.0359375
0 0.5390625 0.37265625 0.0140625 0.040625
0 0.5484375 0.3640625 0.01171875 0.03828125
0 0.559375 0.35703125 0.01640625 0.040625
0 0.53203125 0.3453125 0.01640625 0.040625
0 0.54296875 0.33828125 0.01171875 0.03828125
0 0.55390625 0.33125 0.0140625 0.03828125
0 0.52109375 0.52734375 0.01171875 0.0265625
0 0.5390625 0.515625 0.01171875 0.0265625
0 0.54765625 0.509375 0.01171875 0.02890625
0 0.53125 0.52109375 0.01171875 0.02890625
0 0.5390625 0.47265625 0.01171875 0.02890625
0 0.5296875 0.4796875 0.01171875 0.03125
0 0.52109375 0.4859375 0.009375 0.02890625
0 0.51171875 0.49296875 0.01171875 0.03125
0 0.44375 0.54609375 0.0140625 0.03828125