0 0.6796875 0.08671875 0.06640625 0.06171875
0 0.7734375 0.44765625 0.06875 0.0640625
0 0.565625 0.4234375 0.0640625 0.06171875
0 0.54609375 0.325 0.06875 0.0546875
0 0.49375 0.43828125 0.06875 0.05234375
0 0.7765625 0.1734375 0.06640625 0.05
0 0.45859375 0.2640625 0.06875 0.05703125
0 0.55234375 0.36640625 0.06875 0.0546875
0 0.28671875 0.7765625 0.059375 0.05703125
0 0.59765625 0.56796875 0.06640625 0.06171875
0 0.47734375 0.34765625 0.0640625 0.0546875
0 0.91171875 0.690625 0.0734375 0.06171875
0 0.27109375 0.72734375 0.05703125 0.05
0 0.51171875 0.490625 0.06875 0.0546875
0 0.765625 0.134375 0.06171875 0.04765625
0 0.8015625 0.565625 0.0734375 0.06875
0 0.85234375 0.465625 0.06875 0.05703125
0 0.69609375 0.16328125 0.06640625 0.0640625
0 0.57734375 0.4703125 0.0640625 0.06171875
0 0.725 0.28125 0.06875 0.059375
0 0.840625 0.425 0.0640625 0.05703125
0 0.96328125 0.89296875 0.0734375 0.07109375
0 0.290625 0.82109375 0.059375 0.05703125
0 0.48359375 0.3890625 0.059375 0.05234375
0 0.8046875 0.28203125 0.07109375 0.0546875
0 0.5890625 0.52109375 0.0640625 0.059375
0 0.4953125 0.78671875 0.0453125 0.05
0 0.48125 0.715625 0.040625 0.05234375
0 0.16328125 0.49296875 0.059375 0.0546875
0 0.13359375 0.29765625 0.05703125 0.04765625
0 0.79609375 0.21328125 0.07109375 0.05234375
0 0.1890625 0.28203125 0.05703125 0.0546875
0 0.215625 0.7953125 0.0640625 0.05703125
0 0.190625 0.615625 0.059375 0.0546875
0 0.93828125 0.78828125 0.0734375 0.06875
0 0.22734375 0.48125 0.05703125 0.05
0 0.2015625 0.69296875 0.06171875 0.059375
0 0.715625 0.23828125 0.0640625 0.05234375
0 0.85859375 0.49765625 0.059375 0.06171875
0 0.56796875 0.6859375 0.0453125 0.040625
0 0.56171875 0.6515625 0.04296875 0.03828125
0 0.2390625 0.52265625 0.05703125 0.05
0 0.47265625 0.68125 0.040625 0.05703125
0 0.58359375 0.759375 0.0453125 0.04765625
0 0.45 0.2203125 0.0640625 0.04765625
0 0.20234375 0.36328125 0.05703125 0.0546875
0 0.19765625 0.32265625 0.06171875 0.04296875
0 0.57734375 0.72109375 0.0453125 0.03828125
0 0.86796875 0.534375 0.06640625 0.06171875
0 0.1796875 0.54140625 0.059375 0.04765625
0 0.49140625 0.75 0.04296875 0.04765625
0 0.2640625 0.67890625 0.059375 0.0546875
0 0.13828125 0.3359375 0.0546875 0.05234375
0 0.19609375 0.65 0.06171875 0.05234375
0 0.82890625 0.38203125 0.06875 0.059375
0 0.9234375 0.73671875 0.06875 0.0734375
0 0.68359375 0.97265625 0.0765625 0.0546875
0 0.25703125 0.6359375 0.05703125 0.04765625
0 0.14375 0.3796875 0.05703125 0.05234375
0 0.25 0.6 0.059375 0.05