0 0.55234375 0.825 0.03359375 0.04296875
0 0.51796875 0.79375 0.03359375 0.0453125
0 0.49765625 0.83828125 0.03125 0.0453125
0 0.61875 0.68828125 0.03359375 0.04296875
0 0.59375 0.74609375 0.03359375 0.04296875
0 0.584375 0.76328125 0.02890625 0.0453125
0 0.5390625 0.75 0.03359375 0.040625
0 0.66171875 0.60625 0.03359375 0.04765625
0 0.6515625 0.625 0.03359375 0.0453125
0 0.64140625 0.64375 0.03359375 0.05
0 0.63203125 0.66796875 0.03125 0.0453125
0 0.6 0.63828125 0.03359375 0.04765625
0 0.62890625 0.5734375 0.0359375 0.0453125
0 0.70625 0.51796875 0.0359375 0.04765625
0 0.71875 0.4953125 0.03359375 0.05234375
0 0.73203125 0.47109375 0.0359375 0.05234375
0 0.7609375 0.41171875 0.0359375 0.05
0 0.7859375 0.36328125 0.03828125 0.0546875
0 0.8 0.3390625 0.03828125 0.0546875
0 0.5609375 0.80625 0.03125 0.0453125
0 0.575 0.7859375 0.03359375 0.05
0 0.40625 0.68203125 0.03125 0.04296875
0 0.3953125 0.7 0.03359375 0.04765625
0 0.46171875 0.6609375 0.03359375 0.04296875
0 0.47265625 0.63828125 0.03359375 0.0453125
0 0.42890625 0.63125 0.03359375 0.040625
0 0.43828125 0.6109375 0.03359375 0.0453125
0 0.4515625 0.5796875 0.03359375 0.0453125
0 0.46796875 0.5515625 0.0359375 0.0453125
0 0.4890625 0.60625 0.03359375 0.04296875
0 0.5 0.58125 0.03359375 0.0453125
0 0.51328125 0.55234375 0.0359375 0.0453125
0 0.525 0.525 0.0359375 0.04765625
0 0.51796875 0.46171875 0.0234375 0.02890625
0 0.5265625 0.4453125 0.01875 0.02890625
0 0.534375 0.42734375 0.02109375 0.0265625
0 0.54375 0.4046875 0.01875 0.0359375
0 0.475 0.42734375 0.0234375 0.03359375
0 0.4859375 0.40859375 0.0234375 0.0359375
0 0.49375 0.390625 0.0234375 0.0359375
0 0.50234375 0.36796875 0.01875 0.03359375
0 0.39609375 0.2984375 0.03359375 0.04296875
0 0.38828125 0.325 0.03359375 0.040625
0 0.35234375 0.29765625 0.03125 0.040625
0 0.37265625 0.35234375 0.03359375 0.03828125
0 0.3609375 0.38125 0.03125 0.03828125
0 0.35234375 0.4046875 0.03359375 0.03828125
0 0.34140625 0.4265625 0.03359375 0.0359375
0 0.31171875 0.40234375 0.03359375 0.040625
0 0.32109375 0.3796875 0.03125 0.040625
0 0.33203125 0.35703125 0.02890625 0.040625
0 0.26171875 0.609375 0.02890625 0.03359375
0 0.27265625 0.5859375 0.03125 0.0359375
0 0.28125 0.56328125 0.03125 0.040625
0 0.23359375 0.58671875 0.03125 0.0359375
0 0.24375 0.56328125 0.03125 0.03359375
0 0.2515625 0.53828125 0.03125 0.0359375
0 0.31328125 0.49609375 0.03125 0.03359375
0 0.27890625 0.47109375 0.03359375 0.0359375
0 0.2953125 0.44375 0.03359375 0.03828125
0 0.32265625 0.47265625 0.03125 0.03828125
0 0.43125 0.10859375 0.0359375 0.04765625