0 0.55234375 0.175 0.03359375 0.04296875
0 0.51796875 0.20625 0.03359375 0.0453125
0 0.49765625 0.16171875 0.03125 0.0453125
0 0.61875 0.31171875 0.03359375 0.040625
0 0.59375 0.25390625 0.03359375 0.04296875
0 0.584375 0.23671875 0.02890625 0.0453125
0 0.5390625 0.25 0.03359375 0.040625
0 0.66171875 0.39375 0.03359375 0.04765625
0 0.6515625 0.375 0.03359375 0.0453125
0 0.64140625 0.35625 0.03359375 0.05
0 0.63203125 0.33203125 0.03125 0.0453125
0 0.6 0.36171875 0.03359375 0.04765625
0 0.62890625 0.4265625 0.0359375 0.0453125
0 0.70625 0.48203125 0.0359375 0.04765625
0 0.71875 0.5046875 0.03359375 0.05234375
0 0.73203125 0.52890625 0.0359375 0.05234375
0 0.7609375 0.58828125 0.0359375 0.05
0 0.7859375 0.63671875 0.03828125 0.0546875
0 0.8 0.6609375 0.03828125 0.0546875
0 0.5609375 0.19375 0.03125 0.0453125
0 0.575 0.2140625 0.03359375 0.05
0 0.40625 0.31796875 0.03125 0.040625
0 0.3953125 0.3 0.03359375 0.0453125
0 0.46171875 0.3390625 0.03359375 0.040625
0 0.47265625 0.36171875 0.03359375 0.0453125
0 0.42890625 0.36875 0.03359375 0.040625
0 0.43828125 0.3890625 0.03359375 0.0453125
0 0.4515625 0.4203125 0.03359375 0.0453125
0 0.46796875 0.4484375 0.0359375 0.04296875
0 0.4890625 0.39375 0.03359375 0.04296875
0 0.5 0.41875 0.03359375 0.0453125
0 0.51328125 0.44765625 0.0359375 0.04296875
0 0.525 0.475 0.0359375 0.04765625
0 0.51796875 0.53828125 0.0234375 0.02890625
0 0.5265625 0.5546875 0.01875 0.02890625
0 0.534375 0.57265625 0.02109375 0.0265625
0 0.54375 0.5953125 0.01875 0.0359375
0 0.475 0.57265625 0.0234375 0.03359375
0 0.4859375 0.59140625 0.0234375 0.0359375
0 0.49375 0.609375 0.0234375 0.0359375
0 0.50234375 0.63203125 0.01875 0.03359375
0 0.39609375 0.7015625 0.03359375 0.04296875
0 0.38828125 0.675 0.03359375 0.040625
0 0.35234375 0.70234375 0.03125 0.040625
0 0.37265625 0.64765625 0.03359375 0.03828125
0 0.3609375 0.61875 0.03125 0.03828125
0 0.35234375 0.5953125 0.03359375 0.03828125
0 0.34140625 0.5734375 0.03359375 0.0359375
0 0.31171875 0.59765625 0.03359375 0.040625
0 0.32109375 0.6203125 0.03125 0.040625
0 0.33203125 0.64296875 0.02890625 0.040625
0 0.26171875 0.390625 0.02890625 0.03359375
0 0.27265625 0.4140625 0.03125 0.0359375
0 0.28125 0.43671875 0.03125 0.040625
0 0.23359375 0.41328125 0.03125 0.0359375
0 0.24375 0.43671875 0.03125 0.03359375
0 0.2515625 0.46171875 0.03125 0.0359375
0 0.31328125 0.50390625 0.03125 0.03359375
0 0.27890625 0.52890625 0.03359375 0.0359375
0 0.2953125 0.55625 0.03359375 0.03828125
0 0.32265625 0.52734375 0.03125 0.03828125
0 0.43125 0.89140625 0.0359375 0.04765625