0 0.4640625 0.28203125 0.01171875 0.03125
0 0.4765625 0.28828125 0.0140625 0.03359375
0 0.49609375 0.3046875 0.0140625 0.02890625
0 0.5203125 0.3203125 0.01171875 0.03125
0 0.53125 0.32734375 0.0140625 0.03125
0 0.54140625 0.3359375 0.0140625 0.0359375
0 0.575 0.39140625 0.0140625 0.03125
0 0.6046875 0.41171875 0.0140625 0.03359375
0 0.58359375 0.36328125 0.0140625 0.03125
0 0.59140625 0.36875 0.0140625 0.03125
0 0.6 0.375 0.01171875 0.03125
0 0.6109375 0.38203125 0.01171875 0.03125
0 0.6203125 0.38828125 0.01640625 0.0359375
0 0.6515625 0.44296875 0.0140625 0.0359375
0 0.66171875 0.4484375 0.01640625 0.03828125
0 0.684375 0.46640625 0.01640625 0.03828125
0 0.70625 0.4796875 0.01640625 0.03828125
0 0.6484375 0.40859375 0.01640625 0.0359375
0 0.65703125 0.41171875 0.01171875 0.03359375
0 0.66796875 0.41875 0.0140625 0.03359375
0 0.67890625 0.42734375 0.0140625 0.03828125
0 0.68828125 0.434375 0.0140625 0.03828125
0 0.65625 0.5703125 0.0140625 0.03828125
0 0.665625 0.5796875 0.01640625 0.03828125
0 0.44609375 0.39765625 0.01640625 0.0359375
0 0.45703125 0.40390625 0.01640625 0.03828125
0 0.46875 0.41171875 0.01640625 0.03828125
0 0.425 0.58359375 0.01875 0.0359375
0 0.50234375 0.60390625 0.0140625 0.0359375
0 0.51328125 0.60859375 0.0140625 0.0359375
0 0.50703125 0.64296875 0.01875 0.03359375
0 0.525 0.6203125 0.0140625 0.03828125
0 0.61875 0.54765625 0.01171875 0.0359375
0 0.63125 0.55625 0.0140625 0.0359375
0 0.57109375 0.47890625 0.0140625 0.03828125
0 0.584375 0.48671875 0.01171875 0.03828125
0 0.59765625 0.49609375 0.0140625 0.03828125
0 0.590625 0.5265625 0.0140625 0.0359375
0 0.6109375 0.50703125 0.0140625 0.040625
0 0.6046875 0.53828125 0.0140625 0.040625
0 0.6265625 0.51796875 0.0140625 0.040625
0 0.63671875 0.52109375 0.0140625 0.04296875
0 0.58203125 0.65625 0.01171875 0.0359375
0 0.59296875 0.6640625 0.01640625 0.03828125
0 0.575 0.68359375 0.0140625 0.03828125
0 0.58671875 0.69765625 0.01640625 0.0359375
0 0.62734375 0.69140625 0.01640625 0.0359375
0 0.63828125 0.69609375 0.0140625 0.03828125
0 0.65 0.70390625 0.01640625 0.0359375
0 0.6203125 0.7203125 0.01640625 0.03828125
0 0.63359375 0.7234375 0.01171875 0.03828125
0 0.6453125 0.73359375 0.0140625 0.0359375
0 0.5390625 0.62734375 0.0140625 0.040625
0 0.5484375 0.6359375 0.01171875 0.03828125
0 0.559375 0.64296875 0.01640625 0.040625
0 0.53203125 0.6546875 0.01640625 0.040625
0 0.54296875 0.66171875 0.01171875 0.03828125
0 0.55390625 0.66875 0.0140625 0.03828125
0 0.52109375 0.47265625 0.01171875 0.0265625
0 0.5390625 0.484375 0.01171875 0.02890625
0 0.54765625 0.490625 0.01171875 0.02890625
0 0.53125 0.47890625 0.01171875 0.02890625
0 0.5390625 0.52734375 0.01171875 0.02890625
0 0.5296875 0.5203125 0.01171875 0.03125
0 0.52109375 0.5140625 0.009375 0.0265625
0 0.51171875 0.50703125 0.01171875 0.03125
0 0.44375 0.45390625 0.0140625 0.03828125