0 0.3203125 0.91328125 0.06640625 0.06171875
0 0.2265625 0.55234375 0.06875 0.0640625
0 0.434375 0.5765625 0.0640625 0.06171875
0 0.45390625 0.675 0.06875 0.0546875
0 0.50625 0.56171875 0.06875 0.05234375
0 0.2234375 0.8265625 0.06640625 0.05
0 0.54140625 0.7359375 0.06640625 0.05703125
0 0.44765625 0.63359375 0.06875 0.0546875
0 0.71328125 0.2234375 0.059375 0.05703125
0 0.40234375 0.43203125 0.06640625 0.06171875
0 0.52265625 0.65234375 0.0640625 0.0546875
0 0.08828125 0.309375 0.0734375 0.06171875
0 0.72890625 0.27265625 0.05703125 0.05
0 0.48828125 0.509375 0.06875 0.0546875
0 0.234375 0.865625 0.06171875 0.04765625
0 0.1984375 0.434375 0.0734375 0.06875
0 0.14765625 0.534375 0.06640625 0.05703125
0 0.30390625 0.83671875 0.06640625 0.06640625
0 0.42265625 0.5296875 0.0640625 0.06171875
0 0.275 0.71875 0.06640625 0.059375
0 0.159375 0.575 0.0640625 0.05703125
0 0.03671875 0.10703125 0.0734375 0.07109375
0 0.709375 0.17890625 0.059375 0.05703125
0 0.51640625 0.6109375 0.059375 0.05234375
0 0.1953125 0.71796875 0.07109375 0.0546875
0 0.4109375 0.47890625 0.0640625 0.059375
0 0.5046875 0.21328125 0.0453125 0.05
0 0.51875 0.284375 0.040625 0.05234375
0 0.83671875 0.50703125 0.059375 0.0546875
0 0.86640625 0.70234375 0.05703125 0.04765625
0 0.20390625 0.78671875 0.07109375 0.0546875
0 0.8109375 0.71796875 0.05703125 0.0546875
0 0.784375 0.2046875 0.0640625 0.05703125
0 0.809375 0.384375 0.059375 0.0546875
0 0.06171875 0.21171875 0.0734375 0.06875
0 0.77265625 0.51875 0.05703125 0.05
0 0.7984375 0.30703125 0.06171875 0.059375
0 0.284375 0.76171875 0.0640625 0.05234375
0 0.14140625 0.50234375 0.059375 0.06171875
0 0.43203125 0.3140625 0.04296875 0.040625
0 0.43828125 0.3484375 0.04296875 0.03828125
0 0.7609375 0.47734375 0.05703125 0.05
0 0.52734375 0.31875 0.040625 0.05703125
0 0.41640625 0.240625 0.0453125 0.04765625
0 0.55 0.7796875 0.0640625 0.04765625
0 0.79765625 0.63671875 0.05703125 0.0546875
0 0.80234375 0.67734375 0.06171875 0.0453125
0 0.42265625 0.27890625 0.0453125 0.03828125
0 0.13203125 0.465625 0.06640625 0.06171875
0 0.8203125 0.45859375 0.059375 0.04765625
0 0.50859375 0.25 0.04296875 0.04765625
0 0.7359375 0.32109375 0.059375 0.0546875
0 0.86171875 0.6640625 0.0546875 0.05234375
0 0.80390625 0.35 0.06171875 0.05234375
0 0.17109375 0.61796875 0.06640625 0.059375
0 0.0765625 0.26328125 0.06640625 0.0734375
0 0.31640625 0.02734375 0.0765625 0.0546875
0 0.74296875 0.3640625 0.05703125 0.0453125
0 0.85625 0.6203125 0.05703125 0.05234375
0 0.75 0.4 0.059375 0.05